1218287436
16491125376
18292289185
19121019133
52724489420
72623338848
82852819643
86480467168
93647900952
99471961909
99672166501
204259055108
229596583279
497113541666
554349407652
613539311813
825384442838
832737551012
961694880334
1132013894347
1363134096533
1409365450539
1420950463241
1458784875934
1466887864486
1723781514882
1740791940885
2030653665884
2111531443438
2379335736521
2447385523400
2496477771843
2765463283475
2766370716296
2798690647596
2892875925926
2937695859796
2980783717105
3141566088594
3551369571627
3564569354611
3575701834896
3583411545966
3674695208203
3739095750805
3795846389700
3925249271539
4018974758741
4157045160367
4200069954624
4231125977161
4388894474157
4410948686085
4503382652164
4593538044731
5048410165354
5090022931451
5212050877242
5242651275397
5350817917413
5364027079592
5424437451548
5487305266990
5494201622572
5516918176522
5599275218855
5626784290491
5655396828410
5792988999540
5985420990430
6076813345168
6186666492470
6361986758377
6446556807603
6598744878329
6606572143997
6664159490107
6664946563426
6675404595874
6755503511147
6820177327630
6830729908926
6916961747390
6978225220699
6984689353985
7271566387915
7400121939309
7497422441415
7759631415543
7883107655174
8006325163763
8273576038637
8913599012042
8915381360196
9181889096131
9317981396081
9380738665475
9464203456505
9692065754374
9956410941734