5456488476556645674847748484574566888447455678668777474447575737775443556456677754754647474573676663764677548775747686758488675657477754546756566678846
8656687475477887865855884764568784455475454447755734434434354474456377553734735565465767744634365353674445466884786846786566557867588477547556748686764
4788446867685647745566576667765474585486886533754353344735657575555745653543774533455746767765334735437547565458486755546867646875567867877776547668446
5647786888557555584766574656558754654546875757464564573347455766755775667476657375654555453467355755343747556788474486654765864886866865456668745467558
5576457674747866777487745576484785578745636576574744764577354363775443745563663553536744634767366336636574363545867685445644457556488484768848758774474
5446687445575658547878556786448676685466365677554344467563537436335435444746736654563734653675775354364366777464584848768684564486665665448488466784486
7657475546558768655458665674766755757445567333766766334645636566437757455543633647773446757465336645745547455667453848855465567748678445476854586846758
7474547544787768744747557876574754475346577554577746535675663765665665347665756777364563435646345573637567573456553678656487876676487766747556685656667
8757847888545565764858485644766465347367364377367455746534365555455377667111111176457576473366675767473735455545754476747576784548578664474465645578658
6788884666556755554885657454655754755775354345544766566577355755467431111199999116553434777465674746656747534745367466378774587567446656776546548484474
867564746654685645887675855864366474464565677447636455646746376733475199911S999916636774767343453377477533645565457433533576677684875446555488888745478
8564644768468478586866465675764444743766563375435773753636743577553441999999999917675444555745577636753734576654344475477764484765568858546687447846686
4676564558458778756587784765466775377657636445633346754777645574364751999999999916775655575774365543673363364477467375676463548667756587468488477557465
8674785444875658777874747453654663666676745675776655434643355446776453555999999314653344744444673677663346666637656653673355376847678688454647556788855
5887665448887644787568454465644465475473463653657773764745556665354367673599996415743557766453637674656676565745374373654334357847886488884654884648466
7488756474487676857687765554345577474557634663345664364374376764763737554755544773666536435647735357563654765444344776573446444468768878647678844867788
8767757658456676466856344475753774564347333346645473334464547474734745676555736765554443736467763735466575675663477366455565557347585667754856447648648
4487655584747455867443633545446446344664347544454367333737435544345453635366565746534566355533536755536774574457567364357466663573464644544454887877447
4585847868844474687773364567537557454533357473756647736763554736353373377466363635535463634437446667757377576434655453465477636456384846787644457754446
4458455867588768756573765666747544534346377667555343354554467764347657664763566755576565347753373547455647436637343644335336567777378785854547845677746
6757566784578487676453664577473373773443437755476743737656463765774475453756534347635356544774347466444745454445753467643754367646676684554647658778644
4567554558455576475557335663555644356445734757637436563643333354634543755463644374455743575755455435756566577665473544557466356443454457658485685548878
5585487566867644454776554776364754574465644433733657444444654346753735766765445643576763776655673677765376735643756644735475474565547346765548568654484
4568757765856654753667755576655567443337353635653755363467434644466544334553223264335543733574473647435534473745343767463566544733635537558584645845486
7866547686487745644377336344764473573366356435364643673745335425663564653445363363454332323757647374655665547564736453377365755535755475754764647547846
4784665847468673567337377745433545535475465676657743557637465265433226436455525566525366556463545337674565455437444377445646353645555347548456475786587
7687566544465643556433574366473665347374474453756576434543353535632453665633244542664355662522547644337634355567353444645445774356733373548465775688746
7884676748766354735645467456554354473364337736355366653454525324356554264464423546253336223662445246343333665777664557543634543454675744354767647788857
7574867874774757537366336575733374533533454344535572565655555626243566542242554636442252232554325522677445437743655574336565737335574446546366587485474
7857586646435337576776557576466676753635356776356262633443364625423554665322425223426633536265234455534354676436676335547456745375667575637767456654667
4774464854654336466765563577737746447373534456723246346664634345643445263532663266234365642423535233245454376663477737735656336545674444356438788784487
6446564653736554763473634543475633644557455575363526636622535252436256263443656446356446623245542333642636445737673446444677554666745354746547656858764
6846657887754676577773464545357636637575575644423364352455545244356336626652225434625462356455323223626235436335444557357636537434464756345355775877854
5474474664366737565737366573465553466633376562535244324543545222223223462366423664365653642223425653555524667557355344453574474676474435473475445887867
8468756553745567466644646566734354744337554262266425345426443626263436462646546455565424554634363536433226232547674733755555446675364776537466635656748
5568648376453747557665553634567364456753742535665535246335552542335255652434544526224335256654244555622444625436456564454544375346356533357653447465454
5747655435357447777643574735537755666443463425455625256252624255244354265345533656225563366246624666553465566244554555464466356336656576473374455757645
7476863334434666577534763737435433556644354435442653343656542344354266425654344224236564432456643554533622664455653573555776367543776775474563453454854
6455633754356457557435336364345674445533425366423224325532535562543423563643264563556324364462524654662345355522453465646447557567474737434465673666548
8758736676757347676334765665343757466235666236336653654265224545663336455526222542453325424222265454525542362233444643635765677375576447437354376667785
5578565654335653565456735464437637345625235635535335455652526625456536435352532563323644343665224446322325354652542766377455667763656655347644477778767
7557533377636473367637436366447373463366442622433662335264534465262465256346524364346256635355443433552245254453364635557735455743633446355737755768644
6843453456377547346334633767377474246436634654532665422455326354644662654356425363434663535466434656566546243336525657556454536377753337766364633767585
5743667445436774777467464574767674632624245435263633332546435323224535266323623524536626663252336533432342465563452535453357437654754736735447635337588
8457664665567433745466357774755562542562544233222533334623563224523444644525666532523225245666465622356434526252524224456357434345774673366633456755676
8433356676546355575653464545676543526344545352263434225364356564356423646342635544343356452322636323563422245342662664535446767537663444466757646644785
5447754554377477553333363376357562356254224322354556232343624345324522535562244432226554252622632552266345463335322235435535754776746577766337364734566
6436353336736534467757457344764264553322445522552455546422432552463522522463225565263633243353432523563446556536632446562644655754633367657674553356664
6477347376373734755567575653572425426334342254636644545642253226543364556656635556325225442443535266235646426323225663353445475733477557356474457664475
6346545375577647336566666365422526555463536333454652225564566343334366342343434246344543552344443263434322563434245445264554334473443553357767574765566
5633473376653637763653657757532322434655224325564536524534332323252554345455553252356452252625556344322552542463224554622367575373366654337475446437434
4654545347767655633654737745245222334346645322455654436462443245523523242232532324325553265446433223334254433655545646355444444763473567746476365554735
3434467447554573333347755736646342266555526664664463255426652654354455544432235422543443465423246236243244664455236535645667366734535747556454365464546
6475554433354655755636465663364254466526432443644263635222253335233355555325435223223542526636355323456545363436664546355436543433464447347647436453374
5734743646573735445654456455655245562646624363232342542633334553325343224352325524555454322466522634445663326222524345336353365463676574577773735467544
3555463453367656635447667532345465666364634422233545433336232452353335332234335522545435352233526526542454433423623366656534464736763373564435436673435
5736343746377643537777435762532533444624663333553345466533243423435442442522454454235454232323462326653454555266242232562266544346375473436445746446654
4367443473637667364745463735456463653544553226223225255335355445234222353555442453233432552352233436423535236235562333226644434466455577454654545647564
5366667644463375654465765232266223236256425432322652422345352232435325555223234342454343433443432526432544422623332646652466354445734356473736666377664
7576576336535365646333477554443554345244444235356645324555225242424235345553552424545442433443524622564264636445625242364342624565567577463645644665346
7563567467364647437635533464526242626555246264255426625542442533253552552423352235324453232325553433264444425256565426466352554336543375776453644573476
6346573747455537537463652444626633225263422426525666255525433232552545454533552452424424255435543524245353453523663622434433622645364357665533335635544
7354754666367443456466676524623546234223264246262334223424554232422443254354344322544543253224223324323443346342554424364233624576765636463777465745676
3755364553567463456435745265346534222632366265553565242243335443524422443533445354233534443545324343233364654656233356664356356757647554565436455576535
6456574634536373566736464655224423363526644332423362253335335432232233535352425245323235452343254253545666423655624334263555635574364477535734636337374
5475655734476653747735623222242333433335556544332343325442542243225453234453343434453424553454333245626434632236525443246322456564556633733636566577335
5747556336546334346364344546434644252662246342356522325234532525244552455332534442542435424243344255244534243453334345264444454256355547357455737536635
5677336766354646574573536333626556326624623425233333353333252445355532242534432234355254525335223352536426645236546233366642245277557745556636577736574
7465775664657477336654766443545425456445522432344332553543552255355233423554253355345534332234223535334464653224245662424546355466777544463646476565547
7336336467667336344775546465456425542243632364465525552453423554225434452553323235344255252232543525556564564622343265265643256535445453454653637374665
5666353566636646373743463224222446643446454553255523524553225552353533352425542235424244433345455443433636662333225544425526236353766466664663665754434
5554744445433773335533424454556323543345335434433254233323343233433254423223253324424225333534425553422632244325234442636522565567764637567677635335433
4735543545743543375645553543346453532354464244464325223234233435453252222454425432253344335252333542243332645232462423463222423433564537536665644354536
3666656336663657537665746533546552455542663264354253434243325242555325354545444544455354442544252345226554236226624362445353624645666467333645376733464
4557553766455647643435224322546465522553556626223232234553243344335345323422533224552555544343544444243226564646654463262524653335567473436654565645465
744445733573354536565564663464423332544443456262332422455532244255355554242@345544523324224255353225542333534243524363243235263344474575643543467767453
5474373547653743333556546525333444553254545424644525253233335334423244544399955233235552324323425324234253533633643254566256646325564674645536345563375
7346766766454453447453746444522323433335545243335354232245353435235452334399932243445245445332424344442466345425655234263652335266733446465765665663376
5743356634366333347656632222542453255252263253653452333454445435223543424399923232423345222245323254423443233443364456353452636476346453677575733536736
5633463676473373474733344335234634323326256565544542322523225554323333452599943322234232224324255354534263334445336466445256363246545676344766663455455
6345434663356565445636756252532666666563336424234344422555353242424432423599954554433542335322523553443655265664332343332564242235753365473654635567677
4567777767534477476733736523354462464665236366445233232225245455525454325299952235452245543242322442336665453536545532625232645473373755436364343447766
4555374644653545537365463246443523532362522465562633435234225552444332422399933432343352455355335335446255454324652425444436324556455574663777353663334
3547354353456377674353554553224364223564625443554553523433355244242534244299945243543434444435533225455534663232454556245446452643735335473733547776453
5556443453467676473564355465656622636343544423432352552332233555345244545299954355554255352442523342553626224365222264563462432254634667463453463755566
4366366766576677667447345364242364265365332525346623535445452545222343253499923455322445324522325534553342362234446334444232334465663667673653673566733
7647653636657546767536345232553362245354453443632442232325322553244255543299934542254452222555532445236343263363446634664464246453743753663345675444374
7554454776436554334337376326454535544624453266454263344352243333254233325499952424242445355435554255563463245254624446564543335566644674546557354475764
6633547775435446575777555465523435352425524262365525255325433324532522532399923432323445234433543426343663552436523646623546654656574444647775334346556
7347544633756437374365535543463533543225656344446646344534344243352455243399942224434255242443423323326344433463433254655333256577367537736374445436746
5643533444356677544476643236553336663564244453262236635555254244422544232399925434553443334542532656536242564343244662653265353755454765754357767453554
3545466747473475654446433365522554552566525662244465444223322244232553325599943523232443532454345245453354645452653625324636527775464763757667635357435
6373743567635736337675433644322535352362456643446564353453345234522243353399944535435453225443246534244466552452563433636336346777435673463433444753563
6365447355335757536546366665552235255453353244454362322453253533533254432299953342244343333255232536234424225442653543233625557755577657673343634547535
7354647645773345766774365664353566562262543565536252456533343343225453453399955452554455443243543325335246562266536444225363455475556777447553357754674
4447336335557646474663447365635434365326526244526445244655454244322533344499952544354544453552556353522354256654566344423455464435443343663475467367745
6767775447437346634375565775534454432666333255562536566235522553333432235499954533252453245343552233262253554266222462452546366536675775545374544447657
6735377755734754336677447643644424522553245655636445233446654353422543244499955524453344224332324524363333462424422543562543534657366555553643636357674
4445433355653375436367564444343326226466432654664543553256224533332344342599953352432525442655643636236665454446655544333563636673734337663347745577543
5345565437375363537743364554323425345524652332645356242642633542243334232299923242354422254236655566423633526645265645263633533775365734575674665455637
5754464456336443475735366647323445455242435522632445532526323656633452425399943433226434352264263523354542554534465346565664676647556767645466537664765
3653747376473773557666677555455555562555335242352644256464426645542422344499943335552254322353662243455433644622254363532463764633354356746566743445677
7736437454353756544337473375366525263235235252346542522662332452253655634399934655446665452343552336526654534253446565665373475365673753457735734377458
8736555333743675367475656657335226365556345254346566265522526522622456534699953462445522364555245545356235346663222466332553344744335664547754637367456
8665564657346743653343465767635456533666446335465455464363543266534426432299955425254345654546636535252535356446656556247677663755555364663453467566434
7737335647573446653353476366776343232562262265426352566332245362343553365299954343365255435256523554545655534362535366453557375753774335757446337456358
6863745357453466655475466745643456554644333566235224432243452533452346356699944566426352654624465323543653643262663256665453564666733747444555477453556
4846775635645335775744533654557643225433335446354522646242323443643352236299922652543446232244645325322433435536652546363336743356746345465435356765847
6753575664335643335547635666433367554252446322644533534662334323554636562599945424533554543324332646453466245544554266757643676366634544553655454663446
4468643536643763665754747554464535566244343525253263262464343363335535563699944523553323625243222436424536556655635646567777375436444665355353766564788
4664444636665446353776533645734554336356255242542335545345352326523342364299942462555432323545653522322434642223552354734563464356354574777477766775586
4886544743656455645337433643345637464246656652425464344553325224534333552499944222634635322466235354535655324322637547463655736764635557374566765686575
6568843543767375577657477555667433434343465565436532255363465644256435254299966526423442443622463245436226623632674477343654453663533645766644475746558
5558857346374655563455353744455335635564246456242456342524434255236523325499944653333632244365222345622336262555336637375644645366337563745736465847664
7878686364643466464677743357434744635376235363234644355646432463623234353399965663344362436364256233554443234626353635455755575656735375467463456465475
6575574467375444354474744753755335365373545423336453253562224352456464352399956233324662424232334633552655335356655673765537353464443667754534555648857
8564558636647564544474653346775746335474754424643245266645456562365632524499936455444456426454356525622632345345363743553547667474346455667436657444875
6578664556357646677464567655557475546375664656245454326556444522522456655299945322352352255245533252245356256555474364365335537467465733453463745464846
7457754757334633464377445473434473743567356526453444533642534346562262234299942424465422466225463432423352446474743446465563335543467666354636556654558
5676558673637675555666453763734566373677656563252566464564442532434435224499926255236322633364644356244355355346366474376456657335573356545446888876545
4884747447777363533756674776454467577556457355746644443334565624452566464699922525435564464245643334222445675637535574565763465567565567656636685545486
7476558867765557757545435636734637743434543665345532422456464342355253222399943532453653333364463354633764366644766433555644354363475654337684777656447
7477547577463553756655747337464575437565343555747646554223323364532262526499923665534564225623526535357636337737574567737565766464655774634666687688886
8546477876684557464636465465765765365677556677565466625352544246432566554699965432423346566554532354376357576537557675777635773664463735635666868446874
5688566858877363764464555674635774633336367667453334444534265234245525334499946623434525336555237676664566643763755453435574377463434753447788444557764
5745647478758777746346743446476645447337545645553557677663523656244554535499932452464453465624477473556337456576553756765533374554553444688858648677885
8666675585884655553675577376655633363463765656464746667774655656324363362599942632545225223353637643756333737755446475735663557644533465654676858666865
4544555585466444335463673466745566756476546347474545744553547375346552344299925456663476577354773534474553575665733653467345736573555766566484774444476
5846776565468765376774667467675357535476637637474334477356745545733337546699946544376466357535536644636743367775557537543666434636765445848784867774856
8768558555487564674435374364635674563465763577776576575746557566435733537699946564353354375555663653746445644757745547467736353366577347466588458567874
6457844645646568765337467635674446345535743434774473366543436755674756373399947675533643357344354635646766456745455335434536577673375885846688756645786
5446847488457888887673645655646755747453573755337745464356653354743565377499975777755465663664367356755646576676637336766776456333337847478568584684755
6687768575646875745876646457733563454456745557465465475753754554434543477399976336354673637435364654754766346747345475376545564553787454875584658688567
5658476586575885477873746367663643663774674456757367373554346553455643453699975443363456363534476557356763666564365545744345365377444658488888547845746
6488755745747775668647633646564376535646364737464446454375533543433335774399933665573764634777677445644654577567367533635443363647888755787786544458754
4764776456686757785567777333336544335655474766433755455467576756633673366799975533444473536353665744645747765766755753435735545488884786765857646786555
7586475476588758767556747755656564575334464367753753657653633563577746357599963436377553376445575675476737764555466337434654733656767848775657885576444
5767848584857446466874568865574365337465345644773575557344747556376566345799973337544543343775474637567666374644654534644546586578767557864444667655665
6667644655756747674566866865435757454765534565356575454534336464445565655499954355344564433444354673554463543644635657774774584477784546688846865584488
5558874554547675484476854778777333765546736775743763374437564757557555774799967364733453636456364636646774353373454436733746788456458444776458765878648
7675564878455544875886884877884746755447645676544656637663356346465463574799965567673754433673666667763755447644365457773668455865578674678657644574885
8667448585544575667668874558665544457555335465567464566634577447637663744599955337773676765674367366453773676535633736454844468688756686768546557658846
8644785665884556667446744778778785557674575745646376557633566354573774647699934334376536733435537735474664644445647565664885486546676867687447586856484
4787448766544488568568754764765766734665443364455643456655747375435734475499956464355477555734376543456345543747545657547884856774847684768686787764776
8675464444754488577475555784746757755766463536364343344664677674733555576799964366676734677664477775556633473746737685784765754485878548456475475475868
6448888856657584846647864854558478764637766434676433445676363646676644433599943777673633656443736534533665744465658766774584777475644787547655457845567
4866778778758747584564765787474488555874764347676576775333557764774575533399964636447567446767435463355455766458885858777584875577876648676874787457458
5674664476774745447776844757484787667755673335543637356353547737444773633699967756773635545767563544536773654885667444655845485754466468748675756644587
6544845486474455574467766854756675475847576745643473657443347547355677365799977554647756547556546355664775474846764678555455746486544575458674658485885
5677885458677885445764657464847844474557447888545355467447775437433465637699976336665343464547734675674737464547545865755857664444855554486847855448857
7888456674845864585557854468887456755445547788866474345346474535656665375699937543756555447767765646475454754786876458875445687454567578545474486574746