1671118715378867761613248753144
9794878428597736618263849891447
8569685969941763453198112341638
6569284133935535339153315675318
9324573596831768297437786153459
4523674272985135586963423212997
7484157215112175112373474617599
7995555892877793241332857924726
3545663158825297876111985782597
5744384356186573531795613419918
2251536981347893222185541948722
4892787257985613831734454335473
6483887274959612852115218832441
5775696854818591194544715795757
9686659742342664824987125858615
552416743736573@684187128283737
4629692448184393857391765444484
3436592838518141468639181563569
9381915568429273575959482766582
1754755463843825917446866167858
8933749114396994878111733978354
1111697455581611639954399816569
5294715467542634756125221775493
9265479532545656939735745219163
8556364623273851265279276877941
8653681373862795744556321586472
8677365646495148938789239827239
5718697488621998111486667273627
8564322515463825128194176531215
6513476814575319334189648915886
3916274572887255624531327599551