24322183812672648466721766236213318584377335857623256178425647821428466418486721854823824256645434541
45513538452868384187463736654778187536614468488455132218256661446513734586321655475673721834534675643
11456587516525343726241175644618543688241486821726713214436713626277548232673275822426817653721728436
15186136488712846181546437772524877362347336782747856626446746815586816134216871234881578545537623554
64887873565111168273624616256525333167325857762853661488584537762574585648125247663885537847417428886
42628344724372881217673831517848385556721125762165631837777325847817786843526725461333327782388652883
24728427548363576335577626641425743645351315463611521442826318161273642246616428621431852734752734626
63242472133351144136882332831651617548277248342551732185578644582526878878743282811784532223584453366
14645281427448344837352217516472415451372541788726126248418252438815367286433576611662885834635748447
35127141477576544114367144867678763322652271727873644347841826327563517653131373851775721668742135222
15156432832138342227616577156532832653474132248738823362437425333513783585178774814332871211622577582
54826161268588411738414637188372431228175815846674887974469371541727563363367251522382731851818612518
41886621547388577875562371576313455771555747777766449787844796687542444767213153564825132537648838513
14515872525655278382663571442671576687548696568696979586577654784664324456188771823883478351246517643
74711816734442531575116322532248428554674674586769596695897594476499831162866858314872658636523871238
48885612374811426627313677435533789489457786748855865457589585755589463132577251238173871387382623673
63127588873817446465155183617169975766678959854698499686844998785946884546432763671321246447627758212
28436118658683425322631427767668969584976485597744465844645994884998765857567528267552118218555184832
14172755168418326444178682199879776465976997467458896669657564488848594566452662422241647265238237423
37716514137574742232821676594446967549447996754785548499586949655744969977546542638465111828586158826
65556115168427872325514365756788477874468856797847695858659666956484897654648788326766776362411712174
76361528785485332883427855785744975898559897468476787557788689694585697867846458628573725721545677215
25886275561426312735729697949957549689868795798867946769774578466547454847978469511478478236277257681
15335854816311852156857777458795865684877559879695669446786554799944488847877449964641588837468373675
81466266785352168264478848865464567694854554789745966585959485568755748685546579942326147884887726432
37248231771436113214874974956479696684756976788446479587588758745649586467758697988673361714154875527
38671863642734661114949688844775449896696675454546945767765557985497579859744748589378441887467526681
57424522874842676754794475898677655977687555574467486869786754485494746898848859568821863524651286661
26333317661631817484497868669648745576889554859956454595765685985959496549864697565565266626455717216
35335557322685547885875884657774884777687958599866646877858585846797545845647858666542681832633222114
57648373878333679988856596886468677776799878544866584775777747669855658795549544565795125217476221337
63833186133421189955767448847474988958694958458549755666796776986966858648554848667845723237861111674
12514282522344685967589788777874599474895647944484988958886889947987799787554744959768884187464474673
17276838666883345467545654578657779678769546549749956796556446989796898799575799849999887171787275516
61872884864278994895869668486674478478568946599544795668796869648757444955849657997984886144226667748
28482156462733676488468474987566756977658566564688898994747878986448868844987788649474445314285557843
33474777214568689695959899869885875497794647987674549884878559876578977575968864588556889768757151812
74674352543486755997795444786549867574879797754689845556698569589968899599697554586568475145834747271
83165784781746674765797789974946874777954659487888474565794859648799849994575965564896967873282285522
26433118676698747986766786994489885564687687695684857656479778784699679466956754486895496661412183275
13656268275469685448976944594898868874969785447688567746546746866674477845547895776964496488671338684
17127415526759844547564686969769958857469574445445579594956767787848744599598887955768845513588633882
87366765121278748867557867744967759878896476665669964496956774568977657777695458685647544635636141582
38366246663986994557898976566678889766497765888848845886478658654459465946577548454754877875262335227
18413124277668884695849874588666585444747899559586657847987786758457955986699585774544476873624243714
45585826666454779584494977678444667586857585845565855676474999545774465865454859979484558694352822246
81836415276455596867876647967579694994569757856979795566779547548474959995678654556746479963848243878
76262268842756755855977578698574979978695799489499575556657488764789445644845765877699994973456113464
23431658756897987787949767544576759796758944769569566966577464757449458559449999688656475574277214672
12127384832944494499676465799599784698499999549765678789864844867989978954668669479949449951286524122
16217758871598645467686748675596647667899899766869@57784775986896778878547666699594489744656882635141
46362674735656474774796576559674585854859747484567546656854667598899486956656786866974655952577123584
77321446743675659899964956889856979675674679599954459858864964987975774799865589449945554874344844161
31782587558957896786867864467568794445455564595875775848964774868657675855596665575549456481722768726
32467287516787497956894788485776975558664449455987764957498476656648897856486754566788898893166343828
63168814372695654557459644445685486659759755697759658487897646796985475788844844995445588857473452731
32257488838646555444885554579884777655996544558796477579556466796568565548556948854554889967732546535
16137667264988468769674898668567947656797859849595644567855788595785798699447996556768564561337482812
28455631765847498964847889864895457869856989565675858574596688774497848965588856486566956993116861728
85682248288697474765779474785575954779766999775596655784746445989648549457684455897595799753575433686
61786118378487458487996944879659545746945779655588874976585774489454758559756794746677949454147721182
67116666511246898568479446797556777944749895488547656458585668796486845847479698548959457518836374217
42523678884898864544869969975978456565686548999676546685997687767876788485884445997577587677454611716
56368674162424777457478965556589659644846469549676456458757489569458548759494948578545866511682426223
73544231576756965769667756944844547478948789566875695497478687678456644458849764759878546678888415644
43538146318627696575858477765459456444675978767855648846968857658476645478467688779879845628168884648
66374347334263458644658994574648659798685478699895474475448486564567456778894765566566785537447428727
73476626528863965756458644898984758545547668977644888855457846785757546445548579889574893362731834723
74257813184714247449467578556496488558486796587685958655768955468898547866494995986478668878724323148
27683453273513389569789877847448776687955479884468887986954945886487678755659977875654838883132716276
62314875224485626949948459757998897667765777488589698967765676687985674589668779977687186527614173662
11558668716554287494949899547984777547587774568897866769958954447848689565479848479446467717222175367
54546117187778834555657574967666799784599848799856965467949949875984845597747447589762115736244426642
72655348373515161564594759458994867958654559774949456989896796467589986564577777966945281534161818387
67246624845528328449958486644566695765669569697964657989664545846594669585594688696818456742647345526
65851538466364764268899864489444577785994447598597769799657979454459894454984769494566242661574818834
18536338884876456578648445654444484499888577945746656748745457889878568574479554672727118453221731827
54884112257615666345356964858954799886975545655486957556595759568666768488547558764428234821851174384
36261767265474444627479989876569978894789574697668647747494668677958788566879748438425328674664375727
56788782258243472575278879467855459477468547589858474848577549467758847488474544152456175118155542766
23164452728655737337372649887577496998756499645644565574554884699487946545968484161418424783124668842
22767116533514658571385159658486586757846945564788648964976796447955745485479226363426368156455413274
44731536336573476282582622446897994755884545594448666994865797897475458586942853775466371481837564524
65271374636363723118216715164857754875694555584786959885547794645999784895918655414144746351358476821
48252441266436843625863273115947478789694764456477967579487868575887866484627455484533613634727765438
47781631511633351572388278863894699586474897558667946588758767678679789871726853327677662217288745527
81247832638164228283561258648414575848874885779647765468896779678965678532252655867334785366316338325
64324237255611867732426867881348659897447876445947566455978456959869613286615266826686564743253725846
88785131581368784637432713687342211478495978464977957585777689976638842266478853356855816224327337365
72345188625361341874885324458846724371765654747574784964956994753518755327818775487237837152737846834
18846684575727368823166528877733485745842715665558654655477868253537576541324851827784611272841855264
47345252168653113158317255212212242727474456432384486477627181774783658483172677337457115412281515418
81218761777331613236462777824363887123543338436677666174178215622655431728373717631145216754573526155
66743668422724285884454255788872777526287134885844653477488746318225536746243442368451388738531237474
27865147474745268744813264444756534224746387874162787812434684316153642475772827555286576585753677146
76351654476365583775875784852585141787381472361131753852235828285143161854186385125377225442645328147
27854164124115725614253487136635514131613271678776418612623388641673638457633846332438567886385182286
66318231621375682431576585742836236823674681766868574238714484586723426558742123572814238113754365124
44417644417718462561438887467421636773446878555554743457171868247368371277526716856476673383588622854
24665361461343156748671861824458416476864433273818584847664177437564578533717247724444515357567664465
53541185383345541523323854827883174365717173334227248131546471854211151446548667626843632366435646113