99999999999992597370153856991695504907104230341684110176994159347606620669381044702855142300748784244178863514538275027797511386318817256613849601831384157539977581598129836581
99999999999963563992577601416686421684154096634742822873598795009737376105604270732109006981286283323387296604831598103948216372005073927671247648343075890255966797813262867618
99999999999995919999179399114951079143571734968903589049679059599812528679114330047319832027540371479411131301632784850477979651936770533106278702194376475311006764843694896884
89999999999999999999999993981652624959179233354412175305915038900142757308572257106538527362769999990526694467750379449133218275089622286703310525301718361926296337075413636949
29999999999999599999993913659487539809846778827298989750679862185301061891999546439999999420999999995741599999963910792367921698854690546931735847382630613483890966436662199232
53399999999936599999995788058533134098111191812279208976374519458094164863322276779999999999999999999999999999997062569997022854095114376620068086661097479525731202989481589362
79999999999927346499916511939859257838599885281156463741107790946195340599999999999999999999999999999999999999999999999999870129663064483651863851957861926600366903975228952655
84499999959464839877173959177768862701527445917514250657446845172317658459999999999999999999999999999999999999999999999999979687992800755748840789121887896437181677034678232081
01999999923448593945908250970655961617199022611243643370055503911399996999999999999999999993738399994202299999999999999999999497159679501412330118826487286515079463380416015135
59999999947502679547669215460404049191427745982067940821722884999999999999999999996171199999756319999229379999949999999999999999999999530012742392022187133375374538066562121947
99999998928665729455398204492824702446785972319544066822278108106999999999999189999911595484198935336533130969697835999999999999999999075642440777183112997553287978348063258661
99999992419992399934151344480253164398179433803078701076427511747999999999843931222564516516336078965521108935715675999992999999999999937839947934278708677036468784614375824853
99999999999999999532218470932872204872977494672892053913539999999999994999934448594670383929217071731005452946699557599971719499999999999975243093119872113453696843462052466815
99999999999999994774212705173389593633650382255034211813989999999999949715271077703224860552854571081247806012134123915595412499999999999999999907778930075597795475680309079351
99999996519999996677011757320006214068836457626954712932699999999999991858486718974844041768089180924265918996264376591241549999999999999999999959709850388603662328351137925696
99999994114166147265035154902448154884015262017637478766999999999995333996702192444373417205322577753219397048343542894824539549877402999999999920536603273832242853587555320630
99999995550025327935549378190762319821330865618824712999999999999673204878261887734186362719859849707769267075329750450290034533890807999999999968637699523838936848743710221091
99999922986217956992213269809223111329559877376442199999999999997415301791577400285050068258102608499226585514581681092257947118375226699999999993990354593978175265148950033266
99999949152299421994080541538338277835076881982363304999999999638468994208968136985339233065358199686964124589638893307603144242992769999999999999999999935661100482500590593878
99999926464981686441165864581230688468880791967217869999994083031090444995831781767796639921525801994573139144719994595816920772927256999381999999999999993913329654209818048157
99999979994199994234635162141322886455031137482670999999987149480075060329140381789744199934990748921981439707647563243451002358925569669616979999999999993271779182814119115354
99999949999993686415426798070968834847304013364394999999999147827725621294172263957999999999999999994277359342287964538456454324651287801600113999999999952793990388038957934929
99999999999999836992442935662196599453463264921342699999320527554214085692541629999999999999999999999284272794398283441305935719909005214042753999999999694142417567355487362149
99999999999999335062526070595705374140253543525779799999884836077285935328539999999891393259849899999999946739256875253097148873978466112615399999999999829817499156227597478652
99999919899999933781540496639759474159349372866949999999968919982789467719999988513674956241398693939999999949095153749109935373739189904664799999999999999954222052820248800583
99999991160927966935625182787750818037335204651999999999956236919072960959999109777747684715338216793999999992310043207819079028023957865176821981439999999499999835024128840259
99999919287354937991471000617178727007512470009999999999122131693028822999986341910599338425935490189459299999792340850197415556326607958845120935522999999999999962811921616822
99999990534939663106786411144595155071081583403173999999244769055161905999960342723888884133878681909089399899999183657165663241528448610430061271598699999999999987101032796153
99999965431557997154853439384245866497825837586104999999945422558925939999157647888999999999248686357533074249999521356108419716102281087601089533386599999999999575401583682830
99999916992929993246589288883423944621506785504499999999280722254564219992000088888864233199992125394214986999999999345434599786910203146959411892099999999999996685783876595396
99999914999999465815878236549806663442132754186539999999623952294504249991645688888888885333999618229052827596799999117110271055734437544985291707199999999999984570702179049928
99999999999999997708932008298717646245084907639396729999936654910971879998125988888888884762199992584303248946799999702248154506987476660037641766672494899999999999375967292867
99999999999999985366476891526068197181993271567123499999994529664327603999416548888888888155829993775367749966999999807735039122108298743111730970778947739999998699997972847850
99999999219995561494226197370763700620767977446538999999344406526909408499935225888888888773919993521213880844440999895602624206898787007062842884667521749999999899999941708046
99999999974589374719981763692221140452586109841099999999999129905726123199998491103888886591769999105512519339970999995931956309700195591953499527297137618999999999999996277952
99999999924536169316193804038629050878846836505051379839999909119022468787999999999998848222149994899703290255699999996282178203567752838877295633193497286099999999999994527622
99999999963338140596791687309740668819197827636788943899999955595138553251040688888427174505799997406955736485499999915565565441921696574074393596493844099999999999999943096213
49999999995155826998194988500168197600572563602718441899999999947967443107372845854929975971999943331791552789943399991917999496108675588619291909211814999999999999999246728174
79999999995299910991300237046045470097999427823652834962219999946179176498459272336549797499999910675986706236245999999487065974949886164579867775124461499999999999917771335916
77719999999459999999680375386358266770499476501355682768199999999997833771062532253387445999999744129751278729999999999177326662081744295875078717555367399598999999990883861721
33089999999999999999895751353790638236497337428367970169769999999996699392312704160192999999921451086154185634938999946198532533218914596795501562836667285806079999999998636890
67741999999999999992334009636138391365921069855749618793122871499999999454999999599999999992486452249569859799936999960729412140076286423159818615833254172538451999999999932479
47399999999999734756354411392084179168365608603020081497097912899999999999999999999999961786446781155133967244889999999411753464686472701900008952857499723513565699999999999824
25999999999999997355714822365000468434805497151592289975745677873620899989999999999549613501275820818095282549999999999751395516599992928211030880077797611167471599999999999993
01999999999999994647908549131300727708106722312307491371352557235663500611299229112723616658317450144478625121999999992488166159989741464668925872333869183019293999999999999999
92699999999999999396944799664458422467260301270984894573519025111153515992948111203929775419884670905989811978999999351887867085176763865149261272235053062999999999999999999969
53981969999999999998999999999391724176331076472404842468754595849033291596717432542590871524513262590037079999999999626060416031942451946709384740889744103999999999999999999168
92687791599999999999499999999541659228267293659089069919820419723753934050750880568308475340755972747359499999999999424550554631920515166668335864929770175799999999999994997400
27329999789989999999999999994709273244442132816612317946241717833309618042416808916306255818588668926924919999999999185668268143855592383312959741102475779997239999999979359018
99209447367839999999999935187986076943194097296888188018043053396583408342944223261144020189506396116415199999999994007622953891691732805930853863305681599440111999999977243231
58457926396340999999999999040659034932250900975468974353561075826886434342217351248909981304070629029999999999953774344876912368508380966933802203595272687165315999999686999115
32760423381539999999999999042994424998982049282810575477258828294787888522245767367682318961994984999999999999938157830708363930894980053037088705856969132096764999999683891161
12689105091569999999999999999918999999958261980169654633808373558922390791540458335717201352896299361999999999999942048857517002591472059365404445783696955715759999999654999993
74759671189449999999999999999999999999930792370576688052315661229039349608574747934825410181748987536999999999943571056209309170545349404482200689842407557845399999999999999999
66674927981292499999999999999999999999939150689270939623114043069404394408879118386133642899999992699999999991158802975321056757352288363288464370242904764599999999999999999999
08303989317057633691959859999999999999999991789999938621810042730673900783855197949896079438999999999999969510784764270041013534167419944120173506684564919999999999999999999999
05560193515895503999437921999999999999999998899999993498792819058666680651808924999899910617299999999999773293654980407977149435518003941033776688765251092999999999999999999999
57442230565502717423494915799999999999999999999999952177589999988499949969983214979999999999999999999999896197212555673502254142882123654560702618648658166999999999999999999991
72987133614636604133975144299999999983999999999999994132533899992533095899999011599999999999999999999993918711192468325770303353547639240405061430525761799971399999999999994935
73876684448307026707875833099999999993749999999999999999999999999146556999999999999999999999999920310179365105239324931572619427842737286531968170493498891167315999999998179266
21313852773083892099884529119999999699924199999999999999999999999999999999999999999999999999992378366211287979976854613406626165319163331147907228219697392744115559999999920364
61342251335791756929999964689834999571501999999999999999999999999999999999999999999949999999999997179945562222585253795401501641667371386477308232329320283299937591899999999652
69017101269890636003019244422792499907631799999999993589999999999999999999999999999956729999997172574339384897120983757656829908993945548112700379192002238370535145799999999933
07357651482175804141765900214666729591430279999999989956189999999999987199999999994293374623414232401392650890959832031218410463753671836166514244365921721624912485600999999997
14191095509421392767694559720949489712177901999995918530489999999998983488999999999941129136854723266086699631854444917851549499591912134286237372927734436375131899998999999992
81628840947034005342065735981299499796144359527517993835668999999942716681504989369962780183582890111833850485440088636391570433312479777822985886957179999999119299999999999998
74549295568581371382335453974963693656966604532551999893177151442699400131379754441444920259782415171769360302772424855637810059663292561380749875501799999999946799999999999999
16071573070104215580373615914562214147329476812874484777131335210767752770321018770501942211569495986290566531261659184613803117294066776076184287765449999999299999999999999999
03444259242107174060433325840949126751666216216443039491474282603666230294854994712733362864227879783097785182854345500200144298415640853180411586561359999999999999599999999999
61410725460418584643053223356589423609926711197107697977935393817931428145531975425261331598072638800977466763924747682201912391539596168552882795799994849999997961999999999999
67573010263489011110082700051931822712714907156344938643776333680285302384649588740609750573587726241178325340005651875113296337394764818154143991992499519999846676399999999999
63171953538876023942581800575978990896121458932948892864015665469112009063597191074187619962555155933619798007278381635287024194749959096579999759967030307749948673699999999999