3872298852781485151964919988666144926621111856196619367792737982869228984148647485253282636764478125769812915177164132886223472512675929546141864312769348586465747774843793472155685387322313165796538798
9657688794214314336783865643453272141111111118458572139111111111164263678141421492912452414538933811111181353392196789656936519642111111111111812794298511111111285244776411559871858319777661111111111391
1576111111111474299281111111548479111119141411213785161112111111111389785111111676438571926754668114447119693251111112286455263111193737147927534936111153943111187832111113196411111442316111148233111498
2111111111111111445491119911112548111912361929515527897111187544711183712121111135968378856332565177735194736561697711287159721128512483226934768958117293961931152511199574879815311137962114295861658895
6711122972485911146889113293264156571179688839373794187938117749161121757121164117911881714139688198629561523212727118768841111511793828211112592471822742869391111173946827812811111446792711993947913886
4211579649624614111192441113253285696111239769362115322232691144131195359111692729669383755472573117811121851117876916166136518323241111397747461713432662383111674115224355158631158958522118116453865318
9611152965311117661139965445427455793157795162555443278979494771511119196411123641291414944111518411177653265924952515422114311111111788711114684716751111118112542931111111257411577499649213749122579713
6991111111111111196737956588674919262582366247899111111111354694711598258811117264917165722191358394119971411364462511649451721111971111116111196213164759391113388476195512641168613618716811125816382754
1933111111599591643412581731111111131716134449111111111111114251157298477881211243611929321148275517117644126111154641199187445645574931133115326216644471398188779525285271111112232616489111991116981447
5667621465662946515222688711222222117227715911111116322148119827766841111111111111115594238157527745643497251122153465111747939911135111332429497654274114845822617456871112928541379782811481396771192324
5415513926342671115866623112111111111146915111168275216366553339541111112218154711684754711311923386744757111222159166355447247111189911467188364618511141163141488767111611615473971911183858527575163722
5818817334686111111119491212194131484125541111228255953433598397711111612216765234912111389385472444368711111232167914893516611122119517374139281939712394216326917611386575747657766511475541924345185344
1299253424825111491631193611112712331156381111561426911111419739111779512218189387911121242514626787111111591232179328396411112222112516677649129877218231113821912131896841736424539918659456985894114473
7471111113489311181876844644111113288195855511111111116343252715117876112113647621112221964931811111111652911222111111111111112332191111868681515191411455923936111235111165644593856713543111299857116521
5581111111196367231315411761151111428356458666816172166361819141167227111113543111222321757811111194618375112111111111111517512322163115991135784358559111831246115927844437285663856116314114932945158176
3761171967115377281239643334746124965347432863367851111111383736196121111416211122233321621111954763179151111185667773529961112221118611111964415239928451111111128326872792591782675515713511814341954826
2511183248711151317551311118227263951765912716895111111111111524168691116661112223333221111221111111131111119583111114265311222211511921131224411122629284187452679748192633118392692515191331112111162428
3811563359778147626961111211112127611111111184191111496531121834117211722411222322222211111111111122111221364582511341151112232114168857734111112139931385872194124452221119721111561551587831111156535513
3811572251929711226431121111118162112111112111451212927736111683664865131112222221111114351582686111111121111149374587111112332175921744791111222168911111111175455247116213431311891541596258581795735541
9511123713236514173773121924111384121198211217611111174643411317831594111122211111633987542294231638183111112111124294756512222111111111111122222173811628511113456151624148671118635616738515525549856367
2811184841119664628481111275318565121175761213661111143526645917733511122211114233492353426726249638217345211112111164711111111111112211111223221143411767213711127462174829666831243622682613761713331633
7391111111383568468137811145149554111123351119522821111724111126431112221113976657398111111111111111172675445211122111111111626944311117421232211376731824516881212343411185249411998527371414111111114435
4988111114718264898249888111373598212111226197564352613111227391511222111577167351111118451557111811111111297167112222119499858551612187211232116761741583929781932499388625111176619754794611158167641184
7726351454193711111111986881111791711119538312944897566317277821112221146541493117364392668451611733772111117355811122112828621111145626112222158225689321459391529616521111111928671871825616251859461374
5427832991921111111111152345714992822611187995211111111164716411222211576243821445296926272111187558327134118332726112211527888298848211122211183769767949146711194711111521561343253691652817527261111415
3197295721861111911441172683193184856346359478111111111113997712222117473623318726988921111111397143211111167911313311221115136312111112221114267259485967666411824381188388551166455246919912334369879975
9887364183641112345228165688111111111621381331121171931215911112221153386325598336979111221171482611136818111975823651122211156129111222111668141141114192175318936469114411119715311111318492657587886768
2956181586238111188724742571111191111111148234121494891112561122211634754526614326421122221394191123146474481111114721112221246883821111156362888711891193826626392295511111441674144426113723557643263793
1527113856798511114225857197111512675111122876121156851133451223213245111758712784811223321182152316421391731161511471711221117656127111221396135621615811422968294464526191777471422984611359936616171517
7698163465631485411111453332111178746371115386112142411157711233212126111121697149212233322111831838211648411359946257641222211134213411438735417511338561166489732311111654516511838173116458898111111165
9445133553347866982751515138811117738376372593711111811138412233211337229766113737912233332211111111111547211242537849111123222111111111117143356775117465195525691145591119424811461961192523161669451171
2871178861116739326281117451592911111162662595191152911481412333213636627847155294911223333222222222221768611286797475496123332222222222211148373823411679111642119573788111151918778688679969917919841138
5661126641216731921111114612611589337791187196585846511464512333215221117638819489891122223333333222111111111675281195972123322222222211111139174175344413315758118468716911189514742429428626249972511346
8261185861216867311115674449919446766281115156518196891612912222211111111111755948998111122222222211111112219797578111548123321111111119737834779778148712615859553121167111532675546557319277125565156143
4751135971112431111912985917588261111111211111155725981346212211113466987711118761636564111221111117124912211559882911265123321242282488163265382243171669115346174733111151211622461111111112235182733615
4241154311135231119714378135791111222222222222111136678621512111911969948525111113231951331111864335561112221716858511178123321193566224911111111188211376133141213495425555383111111812311117112227148267
3465118111269446111283111457511222222111111122222111369436111187411139519733531111879423958381146111115612221153922511984123322139648134231217215111774111158774235197389992427116568781619118556129135262
4528911111557566311111197888112222111123816111122221118411115141111714518936187811119666915537548185336411111165966811733123332111869278546155755513785271775759111111113796441111648311451118512111142845
8363233978911555193281775671122221152191649597111122211112211111196255111446475133111115968116577316111111811544886119382123432221187127753463213311192575831111111929111149511556266451111882681144111376
5459897997112642398696667921223211546111111111769111122222219617221299115711178116891111111111111111111115611997111166498123433322117527271827491146874536546146695813941156171354771111258169661781951185
7412194771194611299244872711233218958157827151948215111122211568434116113163882783467841221111111111113952117674411656981123332222211481228281113446328158187115489893111923231853379886311923619347891151
5244454891542211177233642911223217836386726685893676378111111111834716311665912891999111211129659594369391115734115426911222222111111117185811352933611176626111348311186162533551561111111312131276611312
2792385511248511877711548631122211181471111111141683195827895696615715423386682171111121118313223741284411113831121393712232111179542616312261541111112111657811474277775815824831811112611117333843942451
4382785511511111219111284898112221194411122222111176244775897151173174869179111111221111147793662924169831129811324939112332157545158511111111121982122221116943168831962642221629611854325115166887597518
4582513211112115251192531299511222117953111122222111192837317495679548111111122222111341735383283677496161178612917667122332114857984111159381193914123322211195111147381111111119414787311174289242922588
3795213428111138651115991834421112211153517111122222111111111111111111122222222332112542456941111145222781759533498911123332116711974116517511624221123333222117629894111111111114511562897747816511141825
2213211721158589211512111195371111111111179384111112222222222222222221111111112232111111111111111215482111164263811112223432111972745174298114145711223333332211845171127898879116931111187492621111111149
1219971187311632461412311926186139481111111156122511111111222111111111744197211222222222221111866765111119787792615122333332221211599853761127534112222222333221188611583249831112645741111181111155931118
4971441145794411421171111171117388185764716489621962819621111142948228284613891123333222111197124911111511123458511122222222221593189875115794381122221112343322119111795962111194483968871425516529941216
3216125113817146371111113171111111714943287291919582992174453311111111899593143123322211172766311112548711281483112211111111111191519411121137211222211712333332219211695851158283395111113372795147611777
7511592117338411586211184321111111145245511111118153122175197777739711558235971122221112525585111748211169842911122115349632938229725194449219112222118412222223217681392518382811111111111964272193153713
3818172111852271159727777811121261113327111111111185974626578456417116781271111222111258773211951511118972935112211112241833943132147513445211122211152112111123211451328271442111118769691438284336293586
1411279111729655116854882117347811139158611224311728142411119488861175171111222111192817491116357112467136931122114642274911111175741668811112222112444411165123221653114522411111379952615852874437265935
2291143116398113112159532141255212173813991392951172221112285227119371111222211147541492234669611334113388111211178491817234111385232421111222211158137111361123321293262191661119442279819466148111133577
6276711155314112116893511737412211116616375177187521111276356811662311122221113724841139926258116281179121122114228711411114824865431111222221111423141111579123321733782111193111194426734873911131111536
6698732311126811114145321883261111855111111895518738117497261133941112222111511433772111114191126113762111221157251935895182993111111222221111658112951118338123321629268112125721111111147153111999691153
1725927613425581197612729471851121386111111637769251136441114846111222211184722162254212218541111316911122221586437987769111111122222221111771621914311147841123321933211122118355745482682815119252731188
2391122123957272399895253617431785861136811112968221144111349131122221117568243977375112116871894856112222221111111111111122222222211111197959111333111155231223321211112222216984599981821928161144391175
3518475171419772452153436932236114811978412156164742111129546911222211629115141134698121111252152211111111222222222222222222211111114949467151148551111944241233321111222333211992911111111881515411121144
4816211338111571716625698614519149561672212115219881393934341112221113946916646536111111133582111111161541222222222211111111116545725668611111489111115896911234322222222223221412111663571947181716111241
6378151824157154214942161111111649544892411142517418754689711222211331911177655372121119333411118933748111221111111111454124184447725234425917831111922189112234333222111123321144119178551169185651251334
1835921131199166311793113614651169337687111675457271461988112222114546116629418981111675791111156832111111111753637141827138111111111543495127111118249811122333322211169123322164119145544974911134847369
9648191145198115511197994241621133361889319136198311169281122221133581156593117711189775711144243111111114383345444855631111111111111113316111118272951112223322221112845123332162113819683612838567127278
2919411114117711821146373512311575472879369931177725131411222211937711429811869117696221111636731121118365196885856111243963125228412218321111324344111222333221111165956123432181911179489881882711116317
7761211169114613394111399871118155627162138511333166125612232113776116115117781178617411114842111111148233581778669111665694559545912113869124391251111112332211384639514123432165711963895282326818611819
6942114918511115978535111111994815125614917311888671152112322171871167811111111526358911124751121159124794711592111183844516789927111151525539574111119512322112111251177123432179259527291116741188371592
2198173833211146439679849747696771685411612411124411566122321119521636111216476111138111415811211435521179118514118194999642656111118525599214591118958112221159113781173123432175728571111171481176731265
7663395972913691175511619413539211116491189811992514964123321372211347113697191675832111114112212222213856113981187341661791111111283323799774111165711122211566113481193123332174251115881651177663631677
7747198312268483616241111224274111162141952641111174771123321212925351116833862411421115514122118639117531123211144838811111111157233171472711111226111222119214811291111123322113911368245551161577573333
2231589917537641871257557711177611599111432631314568161223321863652922117672377115931218411122122111189421293711644116534223821179758262711111814639112221129286311141621123321168115333937311564868328933
5611511113448841331147987351576171111163944657826637981233321526819533111914471112731219991222172241968121835218942511945396981115111111111145444911122211578363712111481223221243117148431113568184767497
6741561156149288944111181511595279465979969316762258361234321877111115211187111112431212861122142421111611554517594361876982111111111111612997742112222115928171111111641233211667915229994881137111111935
5471111132611996181831111113153198962256878163125322471234321192931111118111112625391116211122114298113761175912589128197411111981856119711188161122221151161711136512711232215569211273892454111856611785
6179254644416891156674319955838327235557891131411652331233321112492113771811841726179111178112213538111984164314611111111111174967911111198536111222111582944611854862112232111649121112443811141383117868
2391146644111576185223822428369171937565411198711385761223321467911116572938461113399111272811211644881111131217941111111234131126118379837311122221159141152611185655112322152611195367511118785331424542
3183757531188111194927144878219741197416263112521142611123321161111165911111111116995711151171121143829311169118322153575285886887714127291112222111648618123881117361122221157741118256641165615116721777
4443784711163411143151112641198431118618139311111199645123321153116299111141611168686221111853112117492683771115434751111111269995553433111222211169539284611111168211222211944111111166311681542885146245
6511951259111111832512512473188611155132496998151839355123322159111951418824311446114465111154611111111914259288463111118231188243256111122221119248354417113698867112222116321114716117611596968271899151
1216732534616338251637311974311111746911765163844579116122332118111122951415398515119959691111323122211119386277848972582125215991111122222111735341162528785252661122221165121141255311991111111145247134
7118237446158694211919417919532124484113111178111111632112222211121123564536119232111888575311111123222211111184192758898281111111222222111138818315111427936924111222211846774126969651821321987837111873
4129826274224541184734111775345495551825691258468781118111122221931115978655311675711155628713111122222222221111111111111111222222222111182243167662211853926761122221111119678119414921187788714211971383
3111938211488461126311116136636425111528538941544189114532112221134987451428611137551111978121477111111122222222222222222222222111111111714942111123811634712111222111711367596114218981142862611917911131
2133142132194694111115317996975811511116612134421111115721211222111141115959611111992161115591867551889111111111112221112111111161931128483411111279211778411122222161686148111115751111182262835139661139
4751511827914436811525524168697171553111111111111172279818871122221136111166711111115535118928211111943843474749211111711176386578522975611111114114113631112222211147129111111851746411314248816193671132
7587181742331191186773331253261213172611433148867773844459633112222111122111999551111111111946893171111111111584938398371711111152473211112111775824289111222221111233111625111157686841526791514963671856
6546531181754111115459741166851134997626111952627723711111761111122222222221111638816111175176711146612861221442111111111111352968411112211147968491111122222111824511566471174836638349311931156746311314
6823199117412113287467345111113828282959211796865111111111698459111222333322221111356714763573611111111111111631142151111647936511112211111396121111122222211174891145214181716297273881345524164921191294
6923151911199785224592418868443791611111111166851989741111344238261112222333322221111117571974218351111111222156132813677581111112222216842511111222222221114782611673949398763673111111142512111111935855
4698111658148921181111111476853756111511611311136849262365947519986211112234333322222111111188647189562782879716677611111111222222333211111112222232211111542619311111136787548111116385743753821127498368
3454811462896924411266393618921551819129716848675155496635542165852195211234444333332222222111111111111111111111111112222222233333343222222222333332117841988311186697983966811119766673852771381211111792
1594951415737228891144138158111281629972964366881781178893164416649345211233333333333333332222222222222222222222222222333333333333333333333333333332181951772755638615521617611113196751116571453117991696
1349961195151321545111175691416481511111111111111111111111111111111111111222222222222222222222222222222222222222222222222222222222222222222222222222111111111111111111111111733111111116855927917116851859
5358771142134621119646111118412475143596111111111111111111111111111111111111111111111111111111111111111111111111111111111111111111111111111111111111111111111111111112111116925978854441752971991195394386
5181771113194341412311226944498118175136832718926522199146126241137882245614298296393956548284767334538599347724137963533639318768457937472129655228213574978528119949199145182725581111111116681124284515
3329117723611249115717586315729168437211631141791111111155114711117379518683591111615715418411111851347291597469412181941111113159796687111487512786158111111111219355111111182459611722936111957182839111
1578548193711111111767521118225577777326113587115253111119911138211115711711111111111598851116284111822747678113568469111111111179861111111111192551611111169611963691153661112125119532536121873118567379
9277425963529131171545578291117375934169821441461723341161115424771126699175252966121948411614663714324219482945117271131152231115731121459445114436911167181998417858192764114276119411252111266412726267
8825319626273576166337911134113991115166811621895977111316121551111276862685257311111432214256295199373661161844119311173779154395641129514329198251119453748547161811538699616895811111711129672286514536
6262137331786434851168686111156651111832114417729364198291731111736284769586111111851351897453969313246118118895711777116849716352651899816711311133114246711823386821749449215641451156916955451364198544
2131565331616843158151175371379132561151149911293811848741591939631116984154918916722817948217269411111113251129182531121457859166637792911651723739362211112717378682866856411384233666778517789111119424
5981766175221393946966411632324567513316979198415468191511346993464533747477187595754865513198522115734811945661145199529169836159247515721111122218223617368641711172226855116426884112169689251128511123
9371892611976188751661781312116111111183126351897711111111131991153111111177423139128131111111839114166871273957112417215363139177259711853259611111619116962637234114525115573321192711734313354533211236
6841565318636175212464411617982535237285111114114624152785511397112426261114229112271994512511671118199285131819425685388414181168441112751637157119421111124476177911167193287131284961543871416456611562
2221147792681764131143111496266293564241741143692414284345117578221119921114975846112529111114162499425682893561885559948379287116564153369518111118443911178119728441111178684711998511986785197255114883
6382111111111866651111153888331911111111141956725151111111363566861211111163617468743111111672137839583288592863111111111737615251111119816174855996534218111138552537626644951973711145324611911111166784